 0  4  5  8 14 17 23 27 29 32 38 40 46
 3  5  6 11 15 20 25 30 32 37 43 42 45
 6  7 11 16 17 21 26 32 37 41 43 47 49
 9 11 15 21 22 29 31 39 41 46 47 52 51
17 16 19 25 28 33 38 46 48 53 52 55 57
18 21 22 30 34 42 46 53 58 61 56 60 63
23 26 27 34 42 49 54 62 66 68 66 66 70
28 32 31 38 46 53 61 70 76 79 75 71 73
33 38 37 41 50 56 64 75 83 86 85 80 80
41 44 45 45 51 58 67 81 89 94 89 89 84
44 46 48 49 55 63 69 79 86 92 94 93 87
49 51 52 55 60 64 72 80 91 99 103 96 98
53 54 54 56 62 69 75 81 86 92 101 99 102